60 9 1E-14 1
0.000000000E+00
0.000000000E+00
-6.782738533E+00
0.000000000E+00
0.000000000E+00
0.000000000E+00
0.000000000E+00
0.000000000E+00
0.000000000E+00
0.000000000E+00
0.000000000E+00
0.000000000E+00
-1.305896183E-01
0.000000000E+00
0.000000000E+00
0.000000000E+00
0.000000000E+00
0.000000000E+00
0.000000000E+00
0.000000000E+00
0.000000000E+00
0.000000000E+00
8.174534268E+00
0.000000000E+00
0.000000000E+00
0.000000000E+00
0.000000000E+00
0.000000000E+00
0.000000000E+00
0.000000000E+00
0.000000000E+00
0.000000000E+00
-2.170981534E-02
0.000000000E+00
0.000000000E+00
0.000000000E+00
0.000000000E+00
0.000000000E+00
0.000000000E+00
0.000000000E+00
0.000000000E+00
0.000000000E+00
-1.193187862E+00
0.000000000E+00
0.000000000E+00
0.000000000E+00
0.000000000E+00
0.000000000E+00
0.000000000E+00
0.000000000E+00
0.000000000E+00
0.000000000E+00
-4.630839188E-02
0.000000000E+00
0.000000000E+00
0.000000000E+00
0.000000000E+00
0.000000000E+00
0.000000000E+00
0.000000000E+00
-1.234855323E+00
0.000000000E+00
0.000000000E+00
0.000000000E+00
-1.234855323E+00
0.000000000E+00
0.000000000E+00
0.000000000E+00
-1.234855323E+00
0.000000000E+00
1.086314642E+00
0.000000000E+00
0.000000000E+00
0.000000000E+00
1.086314642E+00
0.000000000E+00
0.000000000E+00
0.000000000E+00
1.086314642E+00
0.000000000E+00
-1.982709784E-01
0.000000000E+00
0.000000000E+00
0.000000000E+00
-1.982709784E-01
0.000000000E+00
0.000000000E+00
0.000000000E+00
-1.982709784E-01
0.000000000E+00
1.559317415E-01
0.000000000E+00
0.000000000E+00
0.000000000E+00
1.559317415E-01
0.000000000E+00
0.000000000E+00
0.000000000E+00
1.559317415E-01
0.000000000E+00
-1.367852096E-01
0.000000000E+00
0.000000000E+00
0.000000000E+00
-1.367852096E-01
0.000000000E+00
0.000000000E+00
0.000000000E+00
-1.367852096E-01
0.000000000E+00
3.276651303E-01
0.000000000E+00
0.000000000E+00
0.000000000E+00
3.276651303E-01
0.000000000E+00
0.000000000E+00
0.000000000E+00
3.276651303E-01
0.000000000E+00
0.000000000E+00
0.000000000E+00
0.000000000E+00
0.000000000E+00
-1.195179345E-01
0.000000000E+00
0.000000000E+00
0.000000000E+00
0.000000000E+00
0.000000000E+00
0.000000000E+00
0.000000000E+00
0.000000000E+00
0.000000000E+00
-5.543759726E+00
0.000000000E+00
0.000000000E+00
0.000000000E+00
0.000000000E+00
0.000000000E+00
0.000000000E+00
0.000000000E+00
0.000000000E+00
0.000000000E+00
-2.167696068E-02
0.000000000E+00
0.000000000E+00
0.000000000E+00
0.000000000E+00
0.000000000E+00
0.000000000E+00
0.000000000E+00
0.000000000E+00
0.000000000E+00
7.500033723E+00
0.000000000E+00
0.000000000E+00
0.000000000E+00
0.000000000E+00
0.000000000E+00
0.000000000E+00
0.000000000E+00
0.000000000E+00
0.000000000E+00
-1.456744643E-02
0.000000000E+00
0.000000000E+00
0.000000000E+00
0.000000000E+00
0.000000000E+00
0.000000000E+00
0.000000000E+00
0.000000000E+00
0.000000000E+00
-1.800511525E+00
0.000000000E+00
0.000000000E+00
0.000000000E+00
0.000000000E+00
0.000000000E+00
0.000000000E+00
0.000000000E+00
0.000000000E+00
0.000000000E+00
0.000000000E+00
0.000000000E+00
0.000000000E+00
0.000000000E+00
-2.476613316E-01
0.000000000E+00
0.000000000E+00
0.000000000E+00
0.000000000E+00
0.000000000E+00
0.000000000E+00
0.000000000E+00
0.000000000E+00
0.000000000E+00
-5.929500520E+00
0.000000000E+00
0.000000000E+00
0.000000000E+00
0.000000000E+00
0.000000000E+00
0.000000000E+00
0.000000000E+00
0.000000000E+00
0.000000000E+00
-4.625827529E-02
0.000000000E+00
0.000000000E+00
0.000000000E+00
0.000000000E+00
0.000000000E+00
0.000000000E+00
0.000000000E+00
0.000000000E+00
0.000000000E+00
-1.799704292E+00
0.000000000E+00
0.000000000E+00
0.000000000E+00
0.000000000E+00
0.000000000E+00
0.000000000E+00
0.000000000E+00
0.000000000E+00
0.000000000E+00
-3.396137508E-02
0.000000000E+00
0.000000000E+00
0.000000000E+00
0.000000000E+00
0.000000000E+00
0.000000000E+00
0.000000000E+00
0.000000000E+00
0.000000000E+00
8.057085752E+00
0.000000000E+00
0.000000000E+00
0.000000000E+00
-9.585923145E+00
0.000000000E+00
0.000000000E+00
0.000000000E+00
-9.585923145E+00
0.000000000E+00
0.000000000E+00
0.000000000E+00
0.000000000E+00
0.000000000E+00
-2.185253530E-01
0.000000000E+00
0.000000000E+00
0.000000000E+00
-2.185253530E-01
0.000000000E+00
0.000000000E+00
0.000000000E+00
0.000000000E+00
0.000000000E+00
6.979990153E+00
0.000000000E+00
0.000000000E+00
0.000000000E+00
6.979990153E+00
0.000000000E+00
0.000000000E+00
0.000000000E+00
0.000000000E+00
0.000000000E+00
-3.645953364E-02
0.000000000E+00
0.000000000E+00
0.000000000E+00
-3.645953364E-02
0.000000000E+00
0.000000000E+00
0.000000000E+00
0.000000000E+00
0.000000000E+00
2.941417787E+00
0.000000000E+00
0.000000000E+00
0.000000000E+00
2.941417787E+00
0.000000000E+00
0.000000000E+00
0.000000000E+00
0.000000000E+00
0.000000000E+00
-8.049984877E-02
0.000000000E+00
0.000000000E+00
0.000000000E+00
-8.049984877E-02
0.000000000E+00
0.000000000E+00
0.000000000E+00
-9.871939914E-01
0.000000000E+00
0.000000000E+00
0.000000000E+00
-9.871939914E-01
0.000000000E+00
0.000000000E+00
0.000000000E+00
0.000000000E+00
0.000000000E+00
7.015815162E+00
0.000000000E+00
0.000000000E+00
0.000000000E+00
7.015815162E+00
0.000000000E+00
0.000000000E+00
0.000000000E+00
0.000000000E+00
0.000000000E+00
-1.520127031E-01
0.000000000E+00
0.000000000E+00
0.000000000E+00
-1.520127031E-01
0.000000000E+00
0.000000000E+00
0.000000000E+00
0.000000000E+00
0.000000000E+00
1.955636034E+00
0.000000000E+00
0.000000000E+00
0.000000000E+00
1.955636034E+00
0.000000000E+00
0.000000000E+00
0.000000000E+00
0.000000000E+00
0.000000000E+00
-1.028238346E-01
0.000000000E+00
0.000000000E+00
0.000000000E+00
-1.028238346E-01
0.000000000E+00
0.000000000E+00
0.000000000E+00
0.000000000E+00
0.000000000E+00
-7.729420622E+00
0.000000000E+00
0.000000000E+00
0.000000000E+00
-7.729420622E+00
0.000000000E+00
0.000000000E+00
0.000000000E+00
0.000000000E+00
0.000000000E+00
0.000000000E+00
0.000000000E+00
0.000000000E+00
0.000000000E+00
0.000000000E+00
0.000000000E+00
-2.803184613E+00
0.000000000E+00
0.000000000E+00
0.000000000E+00
0.000000000E+00
0.000000000E+00
0.000000000E+00
0.000000000E+00
0.000000000E+00
0.000000000E+00
-8.793573469E-02
0.000000000E+00
0.000000000E+00
0.000000000E+00
0.000000000E+00
0.000000000E+00
0.000000000E+00
0.000000000E+00
0.000000000E+00
0.000000000E+00
-1.194544116E+00
0.000000000E+00
0.000000000E+00
0.000000000E+00
0.000000000E+00
0.000000000E+00
0.000000000E+00
0.000000000E+00
0.000000000E+00
0.000000000E+00
-1.474971830E-02
0.000000000E+00
0.000000000E+00
0.000000000E+00
0.000000000E+00
0.000000000E+00
0.000000000E+00
0.000000000E+00
0.000000000E+00
0.000000000E+00
4.134605649E+00
0.000000000E+00
0.000000000E+00
0.000000000E+00
0.000000000E+00
0.000000000E+00
0.000000000E+00
0.000000000E+00
0.000000000E+00
0.000000000E+00
-3.419145690E-02
0.000000000E+00
0.000000000E+00
0.000000000E+00
-1.082077847E+01
0.000000000E+00
-1.082077847E+01
0.000000000E+00
-1.082077847E+01
0.000000000E+00
-1.082077847E+01
0.000000000E+00
-1.082077847E+01
0.000000000E+00
8.677892886E-01
0.000000000E+00
8.677892886E-01
0.000000000E+00
8.677892886E-01
0.000000000E+00
8.677892886E-01
0.000000000E+00
8.677892886E-01
0.000000000E+00
6.781719174E+00
0.000000000E+00
6.781719174E+00
0.000000000E+00
6.781719174E+00
0.000000000E+00
6.781719174E+00
0.000000000E+00
6.781719174E+00
0.000000000E+00
1.194722078E-01
0.000000000E+00
1.194722078E-01
0.000000000E+00
1.194722078E-01
0.000000000E+00
1.194722078E-01
0.000000000E+00
1.194722078E-01
0.000000000E+00
2.804632577E+00
0.000000000E+00
2.804632577E+00
0.000000000E+00
2.804632577E+00
0.000000000E+00
2.804632577E+00
0.000000000E+00
2.804632577E+00
0.000000000E+00
2.471652815E-01
0.000000000E+00
2.471652815E-01
0.000000000E+00
2.471652815E-01
0.000000000E+00
2.471652815E-01
0.000000000E+00
2.471652815E-01
0.000000000E+00
-8.676760569E-01
0.000000000E+00
0.000000000E+00
0.000000000E+00
0.000000000E+00
0.000000000E+00
0.000000000E+00
0.000000000E+00
0.000000000E+00
0.000000000E+00
1.255957489E+01
0.000000000E+00
0.000000000E+00
0.000000000E+00
0.000000000E+00
0.000000000E+00
0.000000000E+00
0.000000000E+00
0.000000000E+00
0.000000000E+00
-1.303357424E-01
0.000000000E+00
0.000000000E+00
0.000000000E+00
0.000000000E+00
0.000000000E+00
0.000000000E+00
0.000000000E+00
0.000000000E+00
0.000000000E+00
-5.544397689E+00
0.000000000E+00
0.000000000E+00
0.000000000E+00
0.000000000E+00
0.000000000E+00
0.000000000E+00
0.000000000E+00
0.000000000E+00
0.000000000E+00
-8.825638812E-02
0.000000000E+00
0.000000000E+00
0.000000000E+00
0.000000000E+00
0.000000000E+00
0.000000000E+00
0.000000000E+00
0.000000000E+00
0.000000000E+00
-5.928909097E+00
0.000000000E+00
0.000000000E+00
0.000000000E+00
0.000000000E+00
0.000000000E+00
0.000000000E+00
0.000000000E+00
0.000000000E+00
0.000000000E+00
